Lens shading correction data dump for EEPROM sweet_sunny_ov16a1q_front_i

Light Type: D65 
MeshHWRollOffSize=221

r_gain:
232.000000  270.000000  317.000000  363.000000  404.000000  438.000000  470.000000  487.000000  493.000000  487.000000  467.000000  439.000000  405.000000  368.000000  325.000000  276.000000  241.000000  
262.000000  312.000000  368.000000  419.000000  472.000000  522.000000  562.000000  588.000000  597.000000  588.000000  559.000000  519.000000  470.000000  421.000000  372.000000  321.000000  270.000000  
288.000000  350.000000  410.000000  475.000000  542.000000  606.000000  662.000000  700.000000  715.000000  702.000000  662.000000  606.000000  539.000000  475.000000  417.000000  361.000000  299.000000  
318.000000  383.000000  450.000000  526.000000  611.000000  691.000000  762.000000  813.000000  831.000000  818.000000  771.000000  698.000000  613.000000  528.000000  457.000000  392.000000  333.000000  
337.000000  408.000000  484.000000  573.000000  671.000000  767.000000  851.000000  907.000000  929.000000  914.000000  863.000000  778.000000  678.000000  575.000000  490.000000  419.000000  354.000000  
349.000000  423.000000  508.000000  606.000000  711.000000  820.000000  909.000000  972.000000  996.000000  981.000000  925.000000  836.000000  722.000000  611.000000  515.000000  435.000000  366.000000  
358.000000  432.000000  517.000000  620.000000  729.000000  840.000000  934.000000  996.000000  1023.000000  1005.000000  947.000000  858.000000  744.000000  626.000000  526.000000  444.000000  372.000000  
354.000000  428.000000  513.000000  613.000000  720.000000  827.000000  918.000000  981.000000  1005.000000  990.000000  932.000000  845.000000  733.000000  620.000000  522.000000  441.000000  370.000000  
346.000000  415.000000  493.000000  586.000000  686.000000  782.000000  869.000000  927.000000  947.000000  934.000000  880.000000  798.000000  698.000000  593.000000  504.000000  426.000000  360.000000  
327.000000  392.000000  464.000000  544.000000  631.000000  715.000000  791.000000  842.000000  860.000000  847.000000  802.000000  729.000000  642.000000  553.000000  475.000000  406.000000  343.000000  
298.000000  363.000000  426.000000  495.000000  566.000000  637.000000  698.000000  738.000000  753.000000  742.000000  704.000000  644.000000  575.000000  504.000000  437.000000  377.000000  314.000000  
271.000000  328.000000  386.000000  439.000000  497.000000  555.000000  602.000000  633.000000  644.000000  635.000000  606.000000  562.000000  508.000000  450.000000  397.000000  341.000000  285.000000  
250.000000  292.000000  344.000000  392.000000  438.000000  478.000000  516.000000  538.000000  546.000000  540.000000  517.000000  484.000000  446.000000  403.000000  355.000000  302.000000  261.000000  

gr_gain:
268.000000  314.000000  366.000000  419.000000  464.000000  504.000000  532.000000  551.000000  557.000000  551.000000  533.000000  507.000000  469.000000  427.000000  378.000000  324.000000  280.000000  
303.000000  360.000000  423.000000  480.000000  534.000000  583.000000  621.000000  645.000000  654.000000  647.000000  622.000000  584.000000  538.000000  487.000000  433.000000  374.000000  319.000000  
333.000000  405.000000  470.000000  538.000000  603.000000  662.000000  712.000000  746.000000  759.000000  750.000000  717.000000  666.000000  606.000000  543.000000  480.000000  420.000000  353.000000  
366.000000  439.000000  512.000000  589.000000  666.000000  740.000000  803.000000  846.000000  863.000000  853.000000  814.000000  749.000000  671.000000  594.000000  522.000000  456.000000  389.000000  
389.000000  466.000000  547.000000  632.000000  721.000000  807.000000  881.000000  928.000000  946.000000  936.000000  894.000000  822.000000  730.000000  638.000000  556.000000  481.000000  417.000000  
404.000000  483.000000  568.000000  662.000000  758.000000  853.000000  932.000000  982.000000  1003.000000  992.000000  946.000000  871.000000  771.000000  668.000000  579.000000  499.000000  431.000000  
408.000000  490.000000  577.000000  675.000000  773.000000  872.000000  951.000000  1003.000000  1023.000000  1013.000000  967.000000  890.000000  789.000000  682.000000  589.000000  507.000000  435.000000  
407.000000  485.000000  572.000000  668.000000  764.000000  860.000000  938.000000  990.000000  1009.000000  999.000000  953.000000  877.000000  780.000000  676.000000  584.000000  504.000000  433.000000  
396.000000  471.000000  553.000000  644.000000  735.000000  822.000000  896.000000  945.000000  963.000000  951.000000  909.000000  837.000000  748.000000  653.000000  568.000000  490.000000  422.000000  
373.000000  448.000000  524.000000  604.000000  686.000000  763.000000  828.000000  872.000000  887.000000  878.000000  840.000000  777.000000  697.000000  615.000000  540.000000  467.000000  401.000000  
341.000000  416.000000  484.000000  556.000000  626.000000  693.000000  744.000000  780.000000  794.000000  785.000000  753.000000  700.000000  636.000000  568.000000  501.000000  435.000000  367.000000  
312.000000  375.000000  440.000000  502.000000  561.000000  615.000000  658.000000  686.000000  697.000000  690.000000  665.000000  624.000000  572.000000  516.000000  457.000000  394.000000  333.000000  
286.000000  334.000000  396.000000  451.000000  499.000000  545.000000  578.000000  601.000000  609.000000  603.000000  584.000000  552.000000  511.000000  463.000000  411.000000  352.000000  306.000000  

gb_gain:
268.000000  314.000000  366.000000  419.000000  462.000000  503.000000  533.000000  551.000000  557.000000  549.000000  532.000000  502.000000  467.000000  426.000000  375.000000  322.000000  279.000000  
305.000000  360.000000  423.000000  479.000000  534.000000  581.000000  620.000000  645.000000  656.000000  647.000000  621.000000  583.000000  535.000000  484.000000  431.000000  371.000000  317.000000  
333.000000  405.000000  470.000000  536.000000  602.000000  661.000000  712.000000  746.000000  759.000000  749.000000  714.000000  663.000000  602.000000  540.000000  479.000000  417.000000  353.000000  
365.000000  440.000000  512.000000  589.000000  666.000000  740.000000  803.000000  846.000000  863.000000  853.000000  812.000000  746.000000  668.000000  592.000000  520.000000  453.000000  388.000000  
391.000000  466.000000  547.000000  631.000000  721.000000  807.000000  880.000000  930.000000  947.000000  936.000000  891.000000  818.000000  726.000000  635.000000  553.000000  479.000000  414.000000  
404.000000  483.000000  568.000000  661.000000  757.000000  851.000000  930.000000  982.000000  1003.000000  990.000000  942.000000  866.000000  767.000000  665.000000  575.000000  495.000000  427.000000  
409.000000  489.000000  577.000000  673.000000  772.000000  869.000000  949.000000  1001.000000  1023.000000  1010.000000  962.000000  883.000000  784.000000  677.000000  584.000000  503.000000  431.000000  
407.000000  485.000000  572.000000  667.000000  763.000000  858.000000  937.000000  990.000000  1010.000000  997.000000  949.000000  873.000000  776.000000  672.000000  580.000000  501.000000  429.000000  
396.000000  472.000000  554.000000  644.000000  735.000000  822.000000  896.000000  946.000000  965.000000  953.000000  908.000000  835.000000  744.000000  650.000000  565.000000  488.000000  420.000000  
375.000000  448.000000  524.000000  604.000000  688.000000  763.000000  830.000000  874.000000  891.000000  880.000000  839.000000  775.000000  694.000000  613.000000  538.000000  465.000000  398.000000  
343.000000  416.000000  485.000000  556.000000  626.000000  693.000000  745.000000  782.000000  796.000000  787.000000  754.000000  699.000000  635.000000  567.000000  499.000000  433.000000  366.000000  
313.000000  376.000000  440.000000  502.000000  562.000000  616.000000  661.000000  689.000000  700.000000  693.000000  665.000000  622.000000  571.000000  515.000000  456.000000  393.000000  332.000000  
288.000000  334.000000  396.000000  451.000000  501.000000  546.000000  580.000000  603.000000  613.000000  606.000000  586.000000  554.000000  511.000000  462.000000  410.000000  350.000000  304.000000  

b_gain:
276.000000  324.000000  379.000000  432.000000  477.000000  521.000000  551.000000  571.000000  576.000000  569.000000  550.000000  521.000000  484.000000  438.000000  390.000000  333.000000  288.000000  
313.000000  371.000000  435.000000  493.000000  548.000000  598.000000  636.000000  661.000000  671.000000  661.000000  638.000000  598.000000  550.000000  499.000000  443.000000  383.000000  325.000000  
343.000000  417.000000  485.000000  550.000000  616.000000  675.000000  727.000000  761.000000  775.000000  765.000000  731.000000  679.000000  618.000000  554.000000  493.000000  429.000000  363.000000  
378.000000  455.000000  528.000000  604.000000  679.000000  753.000000  814.000000  856.000000  872.000000  864.000000  824.000000  761.000000  683.000000  608.000000  534.000000  467.000000  401.000000  
406.000000  483.000000  564.000000  648.000000  733.000000  818.000000  888.000000  936.000000  951.000000  944.000000  902.000000  832.000000  743.000000  652.000000  570.000000  495.000000  426.000000  
419.000000  499.000000  586.000000  677.000000  769.000000  860.000000  936.000000  985.000000  1003.000000  993.000000  951.000000  878.000000  783.000000  683.000000  594.000000  512.000000  441.000000  
424.000000  507.000000  596.000000  689.000000  785.000000  878.000000  953.000000  1003.000000  1023.000000  1013.000000  969.000000  896.000000  801.000000  697.000000  604.000000  520.000000  449.000000  
423.000000  503.000000  590.000000  683.000000  777.000000  868.000000  944.000000  991.000000  1011.000000  1001.000000  957.000000  886.000000  793.000000  691.000000  600.000000  518.000000  444.000000  
413.000000  487.000000  570.000000  659.000000  747.000000  832.000000  906.000000  950.000000  967.000000  957.000000  918.000000  848.000000  761.000000  667.000000  584.000000  505.000000  433.000000  
389.000000  463.000000  538.000000  620.000000  701.000000  777.000000  840.000000  882.000000  896.000000  888.000000  850.000000  789.000000  711.000000  630.000000  554.000000  481.000000  412.000000  
355.000000  429.000000  499.000000  570.000000  642.000000  707.000000  759.000000  795.000000  806.000000  799.000000  767.000000  715.000000  650.000000  582.000000  514.000000  447.000000  378.000000  
322.000000  385.000000  451.000000  512.000000  574.000000  628.000000  671.000000  701.000000  711.000000  703.000000  677.000000  636.000000  584.000000  526.000000  467.000000  405.000000  342.000000  
295.000000  346.000000  406.000000  462.000000  511.000000  559.000000  595.000000  616.000000  626.000000  621.000000  601.000000  567.000000  526.000000  473.000000  422.000000  360.000000  313.000000  
